0
0
0
0
0
0
0
0
0
0
0
0
0
0
0
0
0
0
0
0
0
0
0
0
0
0
0
0
0
0
0
0
0
0
0
0
0
0
0
0
0
0
0
0
0
0
0
0
0
0
0
0
0
0
0
0
0
0
0
0
0
0
0
0
0
0
0
0
0
0
0
0
0
0
0
0
0
0
0
0
0
0
0
0
0
0
0
0
0
0
0
0
0
0
0
0
0
0
0
0
0
0
0
0
0
0
0
0
0
0
0
0
0
0
0
0
0
0
0
0
0
0
0
0
0
0
0
0
0
0
0
0
0
0
0
0
0
0
0
0
0
0
0
0
0
0
0
0
0
0
0
0
0
0
0
0
0
0
0
0
0
0
0
0
0
0
0
0
0
0
0
0
0
0
0
0
0
0
0
0
0
0
0
0
0
0
0
0
0
0
0
0
0
0
0
0
0
0
0
0
0
0
0
0
0
0
0
0
0
0
0
0
0
0
0
0
0
0
0
0
0
0
0
0
0
0
0
0
0
0
0
0
0
0
0
0
0
0
0
0
0
0
0
0
0
0
0
0
0
0
0
0
0
0
0
0
0
0
0
0
0
0
0
0
0
0
0
0
0
0
0
0
0
0
0
0
0
0
0
0
0
0
0
0
0
0
0
0
0
0
0
0
0
0
0
0
0
0
0
0
0
0
0
0
0
0
0
0
0
0
0
0
0
0
0
0
0
0
0
0
0
0
0
0
0
0
0
0
0
0
0
0
0
0
0
0
0
0
0
0
0
0
0
0
0
0
0
0
0
0
0
0
0
0
0
0
0
0
0
0
0
0
0
0
0
0
0
0
0
0
0
0
0
0
0
0
0
0
0
0
0
0
0
0
0
0
0
0
0
0
0
0
0
0
0
0
0
0
0
0
0
0
0
0
0
0.0612475
0.0608876
0.121952
0.731515
1.81985
2.74094
11.7696
19.9873
35.5592
70.046
92.408
135.689
177.815
191.758
235.731
250.018
287.539
351.384
440.136
626.406
1019.39
1535.02
2028.01
2470.83
2992.24
3023.82
2920.85
2496.36
2144.65
1710.66
1291.42
1061.67
812.648
649.031
612.171
678.454
812.607
899.216
1104.23
1271.4
1501.81
1654.2
1701.84
1692.81
1772.82
1788.54
1639.62
1534.89
1342.37
1182.26
1008.52
781.858
682.328
555.304
534.179
561.03
672.88
776.487
928.684
985.81
1048.29
1047.66
942.643
984.772
828.348
852.958
886.335
887.93
999.97
1066.09
1041.68
1097.75
1163.2
1220.14
1165.41
1238.37
1181.42
1131.31
1200.91
1091.36
1152.57
1114.83
1137.88
1111.03
1201.17
1198.2
1176.35
1216.43
1155.44
1171.23
1157.53
1114.75
1144.1
1110.61
1053.7
1063.66
1049.83
940.64
983.773
996.356
1002.03
979.074
930.288
965.2
941.789
970.449
1017.78
904.352
987.785
996.879
988.011
1002.12
982.072
1038.79
987.11
1012.38
986.89
1050.07
1050
1018.07
1052.5
1019.16
1033.31
1043.01
1068.54
989.084
1035.35
1123.23
1055.18
1036.63
1022.37
983.103
1066.63
1083.96
962.396
1063.28
1027.74
1024.24
1030.97
1030.28
1056.13
1069.19
1034.31
1073.44
985.502
1033.57
1020.18
991.446
1024.65
1048.97
1029.49
1050.94
1000.07
1059.56
1066.63
1007.27
1037.38
1053.63
1010.5
1044.25
1013.51
993.963
1019.11
1037.95
1006.48
1066.34
1024.94
1010.71
1017.75
991.429
1041.56
1045.24
1036.23
1010.21
1024.02
1016.61
997.461
1044.47
1137.03
1022.4
1055.05
1016.64
945.191
980.057
1015.6
1027.5
1014.3
1057.52
1024.8
1006.31
1002.64
1024.45
1017.55
1028.93
1041.96
964.803
999.466
1019.26
971.895
1050.08
990.015
1048.87
1012.03
1054.92
1050.47
1025.52
1018.9
1034.43
992.704
987.719
1071.66
1057.32
1019.79
1006.62
1027.97
1034.17
1065.96
971.704
1020.16
1081.1
1037.84
1045.67
1030.51
1007.49
1022.62
1028.52
1027.13
1000.18
1027.15
994.892
1083.78
1006.59
984.818
1071.91
1017.03
1019.2
988.969
980.339
1014.73
1036.96
996.923
1031.08
1039.2
1015.51
1053.75
1061.75
968.936
997.438
1027.42
1019.86
1046.29
1070.24
983.523
1015.51
1032.76
984.85
1037.36
1077.82
1033.02
995.138
1069.2
1012.91
1037.88
1065.7
1054.23
1015.95
1076.31
1030.05
1009.23
1031.11
972.478
1018.77
1066.46
999.221
989.472
968.793
1031.75
1046.23
1065.72
1007.88
1022.55
1006.6
978.033
993.425
1006.04
1016.02
1022.25
1069.22
1023.31
1061.86
1026.02
1025.21
990.717
1017.43
1014.43
1078.11
1042.62
1001.74
1072.76
1033.98
1025.68
997.535
1050.35
983.454
1011.66
1092.05
982.127
1031.2
1024.1
1023.53
1020.08
1037.74
1000.5
1062.38
999.591
1030.95
976.902
1067.77
999.612
1062.75
981.239
1000.38
1014.25
1056.57
1024.29
1014.77
1068
1038.44
997.674
1034.66
1009.89
970.69
987.004
1078.22
1059.48
1027.51
1078.43
1033.45
1056.92
992.459
1020.64
957.055
1037.84
968.164
1044.56
988.827
1002.5
1058.33
1026.42
1041.66
1017.41
1062.73
975.625
1052.99
971.675
1037.14
1038.44
1009.66
1059.41
996.373
1032.21
1028.16
971.373
1040.04
1012.85
1035.25
1030.08
1042.1
1029.51
1044.73
1029.73
984.176
1024.8
990.397
1002.35
1035.01
986.856
1023.5
1046.95
1012.96
1017.38
1029.67
1091.52
1081.05
1012.3
1034.9
994.248
1004.6
996.146
1051.58
1062.45
1062.59
1033.88
1039.43
1028.1
1075.46
1013.04
1062.98
1025.73
1026.46
1032.82
994.213
1016.02
1058.18
1044.82
1051.99
1041.93
1071.7
1053.42
1005.08
1038.94
1045.31
989.419
1009.61
1029.86
976.438
979.163
1005.54
955.91
981.6
989.582
994.882
935.542
987.772
875.955
891.617
946.96
977.305
996.818
957.696
994.019
988.903
1017.45
1020.5
1071.21
1104.22
1141.51
1103.11
1175.06
1182.76
1232.14
1264.49
1210.52
1215.32
1170.52
1195.67
1176
1129.69
1163.61
1115.77
1096.4
1158.99
1167.73
1165.85
1155.04
1256.8
1166.05
1190.55
1114.62
1009.96
989.014
903.15
802.208
841.825
818.291
844.081
856.592
925.948
959.536
1120.59
1004.03
863.369
741.876
619.484
556.975
570.171
539.851
677.006
831.6
980.883
1172.22
1432.74
1572.05
1600.75
1778.01
1888.7
1754.76
1768.87
1629.66
1598.16
1377.36
1158.93
920.47
756.729
627.215
670.563
695.513
839.778
1036.79
1382.4
1749.64
2224.4
2618.1
2873.85
2925.17
2830.27
2544.3
1964.62
1436.75
934.442
564.569
382.456
260.142
230.928
211.112
175.839
157.294
134.703
114.3
73.4263
51.0804
27.0044
13.6715
8.26728
2.13123
0.792444
0.671386
0
0.060573
0
0.0607565
0
0
0
0
0
0
0
0
0
0
0
0
0
0
0
0
0
0
0
0
0
0
0
0
0
0
0
0
0
0
0
0
0
0
0
0
0
0
0
0
0
0
0
0
0
0
0
0
0
0
0
0
0
0
0
0
0
0
0
0
0
0
0
0
