6.12475e-05
6.08876e-05
0.000121952
0.000731515
0.00181985
0.00274094
0.0117696
0.0199873
0.0355592
0.070046
0.092408
0.135689
0.177815
0.191758
0.235731
0.250018
0.287539
0.351384
0.440136
0.626406
1.01939
1.53502
2.02801
2.47083
2.99224
3.02382
2.92085
2.49636
2.14465
1.71066
1.29142
1.06167
0.812648
0.649031
0.612171
0.678454
0.812607
0.899216
1.10423
1.2714
1.50181
1.6542
1.70184
1.69281
1.77282
1.78854
1.63962
1.53489
1.34237
1.18226
1.00852
0.781858
0.682328
0.555304
0.534179
0.56103
0.67288
0.776487
0.928684
0.98581
1.04829
1.04766
0.942643
0.984772
0.828348
0.852958
0.886335
0.88793
0.99997
1.06609
1.04168
1.09775
1.1632
1.22014
1.16541
1.23837
1.18142
1.13131
1.20091
1.09136
1.15257
1.11483
1.13788
1.11103
1.20117
1.1982
1.17635
1.21643
1.15544
1.17123
1.15753
1.11475
1.1441
1.11061
1.0537
1.06366
1.04983
0.94064
0.983773
0.996356
1.00203
0.979074
0.930288
0.9652
0.941789
0.970449
1.01778
0.904352
0.987785
0.996879
0.988011
1.00212
0.982072
1.03879
0.98711
1.01238
0.98689
1.05007
1.05
1.01807
1.0525
1.01916
1.03331
1.04301
1.06854
0.989084
1.03535
1.12323
1.05518
1.03663
1.02237
0.983103
1.06663
1.08396
0.962396
1.06328
1.02774
1.02424
1.03097
1.03028
1.05613
1.06919
1.03431
1.07344
0.985502
1.03357
1.02018
0.991446
1.02465
1.04897
1.02949
1.05094
1.00007
1.05956
1.06663
1.00727
1.03738
1.05363
1.0105
1.04425
1.01351
0.993963
1.01911
1.03795
1.00648
1.06634
1.02494
1.01071
1.01775
0.991429
1.04156
1.04524
1.03623
1.01021
1.02402
1.01661
0.997461
1.04447
1.13703
1.0224
1.05505
1.01664
0.945191
0.980057
1.0156
1.0275
1.0143
1.05752
1.0248
1.00631
1.00264
1.02445
1.01755
1.02893
1.04196
0.964803
0.999466
1.01926
0.971895
1.05008
0.990015
1.04887
1.01203
1.05492
1.05047
1.02552
1.0189
1.03443
0.992704
0.987719
1.07166
1.05732
1.01979
1.00662
1.02797
1.03417
1.06596
0.971704
1.02016
1.0811
1.03784
1.04567
1.03051
1.00749
1.02262
1.02852
1.02713
1.00018
1.02715
0.994892
1.08378
1.00659
0.984818
1.07191
1.01703
1.0192
0.988969
0.980339
1.01473
1.03696
0.996923
1.03108
1.0392
1.01551
1.05375
1.06175
0.968936
0.997438
1.02742
1.01986
1.04629
1.07024
0.983523
1.01551
1.03276
0.98485
1.03736
1.07782
1.03302
0.995138
1.0692
1.01291
1.03788
1.0657
1.05423
1.01595
1.07631
1.03005
1.00923
1.03111
0.972478
1.01877
1.06646
0.999221
0.989472
0.968793
1.03175
1.04623
1.06572
1.00788
1.02255
1.0066
0.978033
0.993425
1.00604
1.01602
1.02225
1.06922
1.02331
1.06186
1.02602
1.02521
0.990717
1.01743
1.01443
1.07811
1.04262
1.00174
1.07276
1.03398
1.02568
0.997535
1.05035
0.983454
1.01166
1.09205
0.982127
1.0312
1.0241
1.02353
1.02008
1.03774
1.0005
1.06238
0.999591
1.03095
0.976902
1.06777
0.999612
1.06275
0.981239
1.00038
1.01425
1.05657
1.02429
1.01477
1.068
1.03844
0.997674
1.03466
1.00989
0.97069
0.987004
1.07822
1.05948
1.02751
1.07843
1.03345
1.05692
0.992459
1.02064
0.957055
1.03784
0.968164
1.04456
0.988827
1.0025
1.05833
1.02642
1.04166
1.01741
1.06273
0.975625
1.05299
0.971675
1.03714
1.03844
1.00966
1.05941
0.996373
1.03221
1.02816
0.971373
1.04004
1.01285
1.03525
1.03008
1.0421
1.02951
1.04473
1.02973
0.984176
1.0248
0.990397
1.00235
1.03501
0.986856
1.0235
1.04695
1.01296
1.01738
1.02967
1.09152
1.08105
1.0123
1.0349
0.994248
1.0046
0.996146
1.05158
1.06245
1.06259
1.03388
1.03943
1.0281
1.07546
1.01304
1.06298
1.02573
1.02646
1.03282
0.994213
1.01602
1.05818
1.04482
1.05199
1.04193
1.0717
1.05342
1.00508
1.03894
1.04531
0.989419
1.00961
1.02986
0.976438
0.979163
1.00554
0.95591
0.9816
0.989582
0.994882
0.935542
0.987772
0.875955
0.891617
0.94696
0.977305
0.996818
0.957696
0.994019
0.988903
1.01745
1.0205
1.07121
1.10422
1.14151
1.10311
1.17506
1.18276
1.23214
1.26449
1.21052
1.21532
1.17052
1.19567
1.176
1.12969
1.16361
1.11577
1.0964
1.15899
1.16773
1.16585
1.15504
1.2568
1.16605
1.19055
1.11462
1.00996
0.989014
0.90315
0.802208
0.841825
0.818291
0.844081
0.856592
0.925948
0.959536
1.12059
1.00403
0.863369
0.741876
0.619484
0.556975
0.570171
0.539851
0.677006
0.8316
0.980883
1.17222
1.43274
1.57205
1.60075
1.77801
1.8887
1.75476
1.76887
1.62966
1.59816
1.37736
1.15893
0.92047
0.756729
0.627215
0.670563
0.695513
0.839778
1.03679
1.3824
1.74964
2.2244
2.6181
2.87385
2.92517
2.83027
2.5443
1.96462
1.43675
0.934442
0.564569
0.382456
0.260142
0.230928
0.211112
0.175839
0.157294
0.134703
0.1143
0.0734263
0.0510804
0.0270044
0.0136715
0.00826728
0.00213123
0.000792444
0.000671386
0.0
6.0573e-05
0.0
6.07565e-05
0.0
0.0
0.0
0.0
0.0
0.0
0.0
0.0
0.0
0.0
0.0
0.0
0.0
0.0
0.0
0.0
0.0
0.0
0.0
0.0
0.0
0.0
0.0
0.0
0.0
0.0
0.0
0.0
0.0
0.0
0.0
0.0
0.0
0.0
0.0
0.0
0.0
0.0
0.0
0.0
0.0
0.0
0.0
0.0
0.0
0.0
0.0
0.0
0.0
0.0
0.0
0.0
0.0
0.0
0.0
0.0
0.0
0.0
0.0
0.0
0.0
0.0
0.0
