0.0
0.0561
0.1123
0.1684
0.2245
0.2807
0.3368
0.3929
0.449
0.5052
0.5613
0.6174
0.6736
0.7297
0.7858
0.842
0.8981
0.9542
1.0104
1.0665
1.1226
1.1788
1.2349
1.291
1.3472
1.4033
1.4594
1.5156
1.5717
1.6278
1.684
1.7401
1.7962
1.8523
1.9085
1.9646
2.0207
2.0769
2.133
2.1891
2.2453
2.3014
2.3575
2.4137
2.4698
2.5259
2.5821
2.6382
2.6943
2.7505
2.8066
2.8627
2.9189
2.975
3.0311
3.0872
3.1434
3.1995
3.2556
3.3118
3.3679
3.424
3.4802
3.5363
3.5924
3.6486
3.7047
3.7608
3.817
3.8731
3.9292
3.9854
4.0415
4.0976
4.1538
4.2099
4.266
4.3222
4.3783
4.4344
4.4905
4.5467
4.6028
4.6589
4.7151
4.7712
4.8273
4.8835
4.9396
4.9957
5.0519
5.108
5.1641
5.2203
5.2764
5.3325
5.3887
5.4448
5.5009
5.5571
5.6132
5.6693
5.7255
5.7816
5.8377
5.8938
5.95
6.0061
6.0622
6.1184
6.1745
6.2306
6.2868
6.3429
6.399
6.4552
6.5113
6.5674
6.6236
6.6797
6.7358
6.792
6.8481
6.9042
6.9604
7.0165
7.0726
7.1287
7.1849
7.241
7.2971
7.3533
7.4094
7.4655
7.5217
7.5778
7.6339
7.6901
7.7462
7.8023
7.8585
7.9146
7.9707
8.0269
8.083
8.1391
8.1953
8.2514
8.3075
8.3636
8.4198
8.4759
8.532
8.5882
8.6443
8.7004
8.7566
8.8127
8.8688
8.925
8.9811
9.0372
9.0934
9.1495
9.2056
9.2618
9.3179
9.374
9.4302
9.4863
9.5424
9.5986
9.6547
9.7108
9.7669
9.8231
9.8792
9.9353
9.9915
10.0476
10.1037
10.1599
10.216
10.2721
10.3283
10.3844
10.4405
10.4967
10.5528
10.6089
10.6651
10.7212
10.7773
10.8335
10.8896
10.9457
11.0018
11.058
11.1141
11.1702
11.2264
11.2825
11.3386
11.3948
11.4509
11.507
11.5632
11.6193
11.6754
11.7316
11.7877
11.8438
11.9
11.9561
12.0122
12.0684
12.1245
12.1806
12.2368
12.2929
12.349
12.4051
12.4613
12.5174
12.5735
12.6297
12.6858
12.7419
12.7981
12.8542
12.9103
12.9665
13.0226
13.0787
13.1349
13.191
13.2471
13.3033
13.3594
13.4155
13.4717
13.5278
13.5839
13.6401
13.6962
13.7523
13.8084
13.8646
13.9207
13.9768
14.033
14.0891
14.1452
14.2014
14.2575
14.3136
14.3698
14.4259
14.482
14.5382
14.5943
14.6504
14.7066
14.7627
14.8188
14.875
14.9311
14.9872
15.0433
15.0995
15.1556
15.2117
15.2679
15.324
15.3801
15.4363
15.4924
15.5485
15.6047
15.6608
15.7169
15.7731
15.8292
15.8853
15.9415
15.9976
16.0537
16.1099
16.166
16.2221
16.2783
16.3344
16.3905
16.4466
16.5028
16.5589
16.615
16.6712
16.7273
16.7834
16.8396
16.8957
16.9518
17.008
17.0641
17.1202
17.1764
17.2325
17.2886
17.3448
17.4009
17.457
17.5132
17.5693
17.6254
17.6815
17.7377
17.7938
17.8499
17.9061
17.9622
18.0183
18.0745
18.1306
18.1867
18.2429
18.299
18.3551
18.4113
18.4674
18.5235
18.5797
18.6358
18.6919
18.7481
18.8042
18.8603
18.9165
18.9726
19.0287
19.0848
19.141
19.1971
19.2532
19.3094
19.3655
19.4216
19.4778
19.5339
19.59
19.6462
19.7023
19.7584
19.8146
19.8707
19.9268
19.983
20.0391
20.0952
20.1514
20.2075
20.2636
20.3198
20.3759
20.432
20.4881
20.5443
20.6004
20.6565
20.7127
20.7688
20.8249
20.8811
20.9372
20.9933
21.0495
21.1056
21.1617
21.2179
21.274
21.3301
21.3863
21.4424
21.4985
21.5546
21.6108
21.6669
21.723
21.7792
21.8353
21.8914
21.9476
22.0037
22.0598
22.116
22.1721
22.2282
22.2844
22.3405
22.3966
22.4528
22.5089
22.565
22.6212
22.6773
22.7334
22.7896
22.8457
22.9018
22.9579
23.0141
23.0702
23.1263
23.1825
23.2386
23.2947
23.3509
23.407
23.4631
23.5193
23.5754
23.6315
23.6877
23.7438
23.7999
23.8561
23.9122
23.9683
24.0245
24.0806
24.1367
24.1929
24.249
24.3051
24.3612
24.4174
24.4735
24.5296
24.5858
24.6419
24.698
24.7542
24.8103
24.8664
24.9226
24.9787
25.0348
25.091
25.1471
25.2032
25.2594
25.3155
25.3716
25.4278
25.4839
25.54
25.5961
25.6523
25.7084
25.7645
25.8207
25.8768
25.9329
25.9891
26.0452
26.1013
26.1575
26.2136
26.2697
26.3259
26.382
26.4381
26.4943
26.5504
26.6065
26.6627
26.7188
26.7749
26.8311
26.8872
26.9433
26.9994
27.0556
27.1117
27.1678
27.224
27.2801
27.3362
27.3924
27.4485
27.5046
27.5608
27.6169
27.673
27.7292
27.7853
27.8414
27.8976
27.9537
28.0098
28.066
28.1221
28.1782
28.2344
28.2905
28.3466
28.4027
28.4589
28.515
28.5711
28.6273
28.6834
28.7395
28.7957
28.8518
28.9079
28.9641
29.0202
29.0763
29.1325
29.1886
29.2447
29.3009
29.357
29.4131
29.4692
29.5254
29.5815
29.6376
29.6938
29.7499
29.806
29.8622
29.9183
29.9744
30.0306
30.0867
30.1428
30.199
30.2551
30.3112
30.3674
30.4235
30.4796
30.5358
30.5919
30.648
30.7042
30.7603
30.8164
30.8725
30.9287
30.9848
31.0409
31.0971
31.1532
31.2093
31.2655
31.3216
31.3777
31.4339
31.49
31.5461
31.6023
31.6584
31.7145
31.7707
31.8268
31.8829
31.9391
31.9952
32.0513
32.1075
32.1636
32.2197
32.2758
32.332
32.3881
32.4442
32.5004
32.5565
32.6126
32.6688
32.7249
32.781
32.8372
32.8933
32.9494
33.0056
33.0617
33.1178
33.174
33.2301
33.2862
