0.0028066
0.00841979
0.014033
0.0196462
0.0252594
0.0308726
0.0364857
0.0420989
0.0477121
0.0533253
0.0589385
0.0645517
0.0701649
0.0757781
0.0813913
0.0870045
0.0926177
0.0982309
0.103844
0.109457
0.11507
0.120684
0.126297
0.13191
0.137523
0.143136
0.14875
0.154363
0.159976
0.165589
0.171202
0.176816
0.182429
0.188042
0.193655
0.199268
0.204882
0.210495
0.216108
0.221721
0.227334
0.232947
0.238561
0.244174
0.249787
0.2554
0.261013
0.266627
0.27224
0.277853
0.283466
0.289079
0.294693
0.300306
0.305919
0.311532
0.317145
0.322759
0.328372
0.333985
0.339598
0.345211
0.350825
0.356438
0.362051
0.367664
0.373277
0.37889
0.384504
0.390117
0.39573
0.401343
0.406956
0.41257
0.418183
0.423796
0.429409
0.435022
0.440636
0.446249
0.451862
0.457475
0.463088
0.468702
0.474315
0.479928
0.485541
0.491154
0.496767
0.502381
0.507994
0.513607
0.51922
0.524833
0.530447
0.53606
0.541673
0.547286
0.552899
0.558513
0.564126
0.569739
0.575352
0.580965
0.586579
0.592192
0.597805
0.603418
0.609031
0.614645
0.620258
0.625871
0.631484
0.637097
0.642711
0.648324
0.653937
0.65955
0.665163
0.670776
0.67639
0.682003
0.687616
0.693229
0.698842
0.704456
0.710069
0.715682
0.721295
0.726908
0.732522
0.738135
0.743748
0.749361
0.754974
0.760588
0.766201
0.771814
0.777427
0.78304
0.788653
0.794267
0.79988
0.805493
0.811106
0.816719
0.822333
0.827946
0.833559
0.839172
0.844785
0.850399
0.856012
0.861625
0.867238
0.872851
0.878465
0.884078
0.889691
0.895304
0.900917
0.90653
0.912144
0.917757
0.92337
0.928983
0.934596
0.94021
0.945823
0.951436
0.957049
0.962662
0.968276
0.973889
0.979502
0.985115
0.990728
0.996342
1.00195
1.00757
1.01318
1.01879
1.02441
1.03002
1.03563
1.04125
1.04686
1.05247
1.05809
1.0637
1.06931
1.07493
1.08054
1.08615
1.09177
1.09738
1.10299
1.10861
1.11422
1.11983
1.12545
1.13106
1.13667
1.14228
1.1479
1.15351
1.15912
1.16474
1.17035
1.17596
1.18158
1.18719
1.1928
1.19842
1.20403
1.20964
1.21526
1.22087
1.22648
1.2321
1.23771
1.24332
1.24894
1.25455
1.26016
1.26577
1.27139
1.277
1.28261
1.28823
1.29384
1.29945
1.30507
1.31068
1.31629
1.32191
1.32752
1.33313
1.33875
1.34436
1.34997
1.35559
1.3612
1.36681
1.37243
1.37804
1.38365
1.38927
1.39488
1.40049
1.4061
1.41172
1.41733
1.42294
1.42856
1.43417
1.43978
1.4454
1.45101
1.45662
1.46224
1.46785
1.47346
1.47908
1.48469
1.4903
1.49592
1.50153
1.50714
1.51276
1.51837
1.52398
1.52959
1.53521
1.54082
1.54643
1.55205
1.55766
1.56327
1.56889
1.5745
1.58011
1.58573
1.59134
1.59695
1.60257
1.60818
1.61379
1.61941
1.62502
1.63063
1.63625
1.64186
1.64747
1.65308
1.6587
1.66431
1.66992
1.67554
1.68115
1.68676
1.69238
1.69799
1.7036
1.70922
1.71483
1.72044
1.72606
1.73167
1.73728
1.7429
1.74851
1.75412
1.75974
1.76535
1.77096
1.77658
1.78219
1.7878
1.79341
1.79903
1.80464
1.81025
1.81587
1.82148
1.82709
1.83271
1.83832
1.84393
1.84955
1.85516
1.86077
1.86639
1.872
1.87761
1.88323
1.88884
1.89445
1.90007
1.90568
1.91129
1.91691
1.92252
1.92813
1.93374
1.93936
1.94497
1.95058
1.9562
1.96181
1.96742
1.97304
1.97865
1.98426
1.98988
1.99549
2.0011
2.00672
2.01233
2.01794
2.02356
2.02917
2.03478
2.0404
2.04601
2.05162
2.05723
2.06285
2.06846
2.07407
2.07969
2.0853
2.09091
2.09653
2.10214
2.10775
2.11337
2.11898
2.12459
2.13021
2.13582
2.14143
2.14705
2.15266
2.15827
2.16389
2.1695
2.17511
2.18073
2.18634
2.19195
2.19756
2.20318
2.20879
2.2144
2.22002
2.22563
2.23124
2.23686
2.24247
2.24808
2.2537
2.25931
2.26492
2.27054
2.27615
2.28176
2.28738
2.29299
2.2986
2.30422
2.30983
2.31544
2.32105
2.32667
2.33228
2.33789
2.34351
2.34912
2.35473
2.36035
2.36596
2.37157
2.37719
2.3828
2.38841
2.39403
2.39964
2.40525
2.41087
2.41648
2.42209
2.42771
2.43332
2.43893
2.44455
2.45016
2.45577
2.46138
2.467
2.47261
2.47822
2.48384
2.48945
2.49506
2.50068
2.50629
2.5119
2.51752
2.52313
2.52874
2.53436
2.53997
2.54558
2.5512
2.55681
2.56242
2.56804
2.57365
2.57926
2.58487
2.59049
2.5961
2.60171
2.60733
2.61294
2.61855
2.62417
2.62978
2.63539
2.64101
2.64662
2.65223
2.65785
2.66346
2.66907
2.67469
2.6803
2.68591
2.69153
2.69714
2.70275
2.70837
2.71398
2.71959
2.7252
2.73082
2.73643
2.74204
2.74766
2.75327
2.75888
2.7645
2.77011
2.77572
2.78134
2.78695
2.79256
2.79818
2.80379
2.8094
2.81502
2.82063
2.82624
2.83186
2.83747
2.84308
2.8487
2.85431
2.85992
2.86553
2.87115
2.87676
2.88237
2.88799
2.8936
2.89921
2.90483
2.91044
2.91605
2.92167
2.92728
2.93289
2.93851
2.94412
2.94973
2.95535
2.96096
2.96657
2.97219
2.9778
2.98341
2.98902
2.99464
3.00025
3.00586
3.01148
3.01709
3.0227
3.02832
3.03393
3.03954
3.04516
3.05077
3.05638
3.062
3.06761
3.07322
3.07884
3.08445
3.09006
3.09568
3.10129
3.1069
3.11251
3.11813
3.12374
3.12935
3.13497
3.14058
3.14619
3.15181
3.15742
3.16303
3.16865
3.17426
3.17987
3.18549
3.1911
3.19671
3.20233
3.20794
3.21355
3.21917
3.22478
3.23039
3.23601
3.24162
3.24723
3.25284
3.25846
3.26407
3.26968
3.2753
3.28091
3.28652
3.29214
3.29775
3.30336
3.30898
3.31459
3.3202
3.32582
3.33143
3.33704
3.34266
3.34827
3.35388
3.3595
3.36511
3.37072
3.37633
3.38195
3.38756
3.39317
3.39879
3.4044
3.41001
3.41563
3.42124
3.42685
3.43247
3.43808
3.44369
3.44931
3.45492
3.46053
3.46615
3.47176
3.47737
3.48299
3.4886
3.49421
3.49983
3.50544
3.51105
3.51666
3.52228
3.52789
3.5335
3.53912
3.54473
3.55034
3.55596
3.56157
3.56718
3.5728
3.57841
3.58402
3.58964
3.59525
3.60086
3.60648
3.61209
3.6177
3.62332
3.62893
3.63454
3.64016
3.64577
3.65138
3.65699
3.66261
3.66822
3.67383
3.67945
3.68506
3.69067
3.69629
3.7019
3.70751
3.71313
3.71874
3.72435
3.72997
3.73558
3.74119
3.74681
3.75242
3.75803
3.76365
3.76926
3.77487
3.78048
3.7861
3.79171
3.79732
3.80294
3.80855
3.81416
3.81978
3.82539
3.831
3.83662
3.84223
3.84784
3.85346
3.85907
3.86468
3.8703
3.87591
3.88152
3.88714
3.89275
3.89836
3.90398
3.90959
3.9152
3.92081
3.92643
3.93204
3.93765
3.94327
3.94888
3.95449
3.96011
3.96572
3.97133
3.97695
3.98256
3.98817
3.99379
3.9994
4.00501
4.01063
4.01624
4.02185
4.02747
4.03308
4.03869
4.0443
4.04992
4.05553
4.06114
4.06676
4.07237
4.07798
4.0836
4.08921
4.09482
4.10044
4.10605
4.11166
4.11728
4.12289
4.1285
4.13412
4.13973
4.14534
4.15096
4.15657
4.16218
4.1678
4.17341
4.17902
4.18463
4.19025
4.19586
4.20147
4.20709
4.2127
4.21831
4.22393
4.22954
4.23515
4.24077
4.24638
4.25199
4.25761
4.26322
4.26883
4.27445
4.28006
4.28567
4.29129
4.2969
4.30251
4.30813
4.31374
4.31935
4.32496
4.33058
4.33619
4.3418
4.34742
4.35303
4.35864
4.36426
4.36987
4.37548
4.3811
4.38671
4.39232
4.39794
4.40355
4.40916
4.41478
4.42039
4.426
4.43161
4.43723
4.44284
4.44845
4.45407
4.45968
4.46529
4.47091
4.47652
4.48213
4.48775
4.49336
4.49897
4.50459
4.5102
4.51581
4.52143
4.52704
4.53265
4.53827
4.54388
4.54949
4.55511
4.56072
4.56633
4.57194
4.57756
4.58317
4.58878
4.5944
4.60001
4.60562
4.61124
4.61685
4.62246
4.62808
4.63369
4.6393
4.64492
4.65053
4.65614
4.66176
4.66737
4.67298
4.6786
4.68421
4.68982
4.69544
4.70105
4.70666
4.71227
4.71789
4.7235
4.72911
4.73473
4.74034
4.74595
4.75157
4.75718
4.76279
4.76841
4.77402
4.77963
4.78525
4.79086
4.79647
4.80209
4.8077
4.81331
4.81893
4.82454
4.83015
4.83576
4.84138
4.84699
4.8526
4.85822
4.86383
4.86944
4.87506
4.88067
4.88628
4.8919
4.89751
4.90312
4.90874
4.91435
4.91996
4.92558
4.93119
4.9368
4.94242
4.94803
4.95364
4.95926
4.96487
4.97048
4.97609
4.98171
4.98732
4.99293
4.99855
5.00416
5.00977
5.01539
5.021
5.02661
5.03223
5.03784
5.04345
5.04907
5.05468
5.06029
5.06591
5.07152
5.07713
5.08275
5.08836
5.09397
5.09959
5.1052
5.11081
5.11642
5.12204
5.12765
5.13326
5.13888
5.14449
5.1501
5.15572
5.16133
5.16694
5.17256
5.17817
5.18378
5.1894
5.19501
5.20062
5.20624
5.21185
5.21746
5.22307
5.22869
5.2343
5.23991
5.24553
5.25114
5.25675
5.26237
5.26798
5.27359
5.27921
5.28482
5.29043
5.29605
5.30166
5.30727
5.31289
5.3185
5.32411
5.32973
5.33534
5.34095
5.34657
5.35218
5.35779
5.3634
5.36902
5.37463
5.38024
5.38586
5.39147
5.39708
5.4027
5.40831
5.41392
5.41954
5.42515
5.43076
5.43638
5.44199
5.4476
5.45322
5.45883
5.46444
5.47006
5.47567
5.48128
5.4869
5.49251
5.49812
5.50373
5.50935
5.51496
5.52057
5.52619
5.5318
5.53741
5.54303
5.54864
5.55425
5.55987
5.56548
5.57109
5.57671
5.58232
5.58793
5.59355
5.59916
5.60477
5.61039
